edge
-122.0830368732265 37.403893750362
-122.0828975390253 37.40440174424313
-122.0827336927674 37.40499254790164
-122.0826267769709 37.40536091236066
-122.0826228046723 37.40538798917546
-122.0826219357879 37.40540715901022
-122.082628316629 37.40542669689763
-122.0826414573981 37.40544424001515
-122.0826591584945 37.40545702436015
-122.0829991689965 37.40552790765469
-122.0835094212363 37.40562039141053
-122.0835287368341 37.40561760046212
-122.0835502106459 37.40561299659672
-122.0835792520329 37.40560866707589
-122.0836183329057 37.40560077724354
-122.083658414286 37.40560604158504
-122.0841147775037 37.40568533884758
-122.0841358174165 37.40569094603767
-122.0841548036759 37.40570024785617
-122.0841756516944 37.40571557221612
-122.08419853817 37.40573033261315
-122.0842175881146 37.4057427810482
-122.0843472640345 37.40576474137049
-122.084491027192 37.40579097285808
-122.0853140382204 37.4059407021978
-122.0853856628531 37.40595372498169
-122.0854964648074 37.40598041642779
-122.0856345819243 37.40600644235941
-122.0858100706953 37.40604209394139
-122.0858449484531 37.40602909023618
-122.0858718327391 37.40601568123379
-122.0858886830102 37.40599916879261
-122.0859103415364 37.40596032514399
-122.085919735017 37.40591864510806
-122.0862170656539 37.40484276055875
-122.0864389613365 37.40405679795123
-122.086429619098 37.40398404609304
-122.086390495092 37.40395696965306
-122.0863429130434 37.40394117962086
-122.0862743073635 37.40393222759465
-122.0861899975189 37.40391679611918
-122.0860982378991 37.40389423077207
-122.0860365227626 37.40389164897461
-122.0859610227236 37.40387916447851
-122.085851970773 37.40384245857216
-122.0857410341345 37.40379420081003
-122.0856788911196 37.40376356851466
-122.0855658427122 37.40368787468473
-122.0854454902152 37.4035875424651
-122.0852936398501 37.40345975316478
-122.0848555014836 37.40307722600807
-122.0847260784933 37.40298033102177
-122.084630963053 37.40293312973554
-122.0845432637203 37.40289508348063
-122.084443889866 37.40285682642089
-122.084330505373 37.40282291859101
-122.084191984836 37.4028017196752
-122.0837962242989 37.4027619518229
-122.0833930179671 37.40272280383908
-122.0833461613114 37.40272831688934
-122.0833022972352 37.40275862068227
-122.0832834456686 37.40279960301832
-122.0832831922462 37.40283189556493
-122.0832698965521 37.4029316143091
-122.0832463769465 37.4030763910745
-122.0832178832007 37.4032115205941
-122.0831899612775 37.40332583122908
-122.0831266964622 37.4035750586748
-122.0830754247814 37.40374990682858
-122.0830468216479 37.40386055594305

refline
-122.0826648754883 37.40552640917535
-122.0831292014336 37.40560777151853
-122.0837322437785 37.40571603715519
-122.0857149044248 37.40607250183074
-122.0858240696346 37.40609643756646
-122.0858569514342 37.40610183703434
-122.0858745799034 37.40609960783102
-122.0858931059325 37.4060932245451
-122.0859105581075 37.40607911291445
-122.0859222852271 37.40606662068843
-122.0859356979495 37.4060433984771
-122.0859429718119 37.4060191827455
-122.0859885888336 37.40586073564932
-122.0860776833613 37.40553221881767
-122.0862097576865 37.40504784238404
-122.0863277282589 37.40465391893807
-122.0864633278967 37.40415228481011
-122.0864885460521 37.40405786065667
-122.0865063113485 37.40397596965616
-122.0865070041993 37.40395684016219
-122.0865027901025 37.40394862840163
-122.0864967606291 37.40393928550219
-122.0864866666585 37.40393346977744
-122.0864692874482 37.40392731170712
-122.0864409906918 37.40391855092447
-122.0863851849272 37.40390617569089
-122.0861977096758 37.40387333563781
-122.0860908806685 37.40385336919193
-122.0859529769122 37.40381638139331
-122.085837317083 37.40377527863885
-122.0857559728658 37.40373724366231
-122.0857200434417 37.40371797237798
-122.0856861518659 37.40369894854032
-122.0856535615057 37.40367840995772
-122.0856062768775 37.40364038348112
-122.0855892505996 37.40362160923384
-122.0855717332496 37.40360606731946
-122.0854496632526 37.4035098332383
-122.0854227948095 37.40348868511095
-122.0854025106253 37.40347068418924
-122.0853683084965 37.4034425365425
-122.0853331016237 37.40341426138777
-122.0852473543624 37.40333429309698
-122.0851752650606 37.40327006978868
-122.0850906310551 37.40320011131704
-122.0850347121386 37.40315338180306
-122.0849716958052 37.40310093757135
-122.0848540288466 37.40300350621064
-122.0848153924092 37.40297279963706
-122.0845381313699 37.40282492731718
-122.0844031917422 37.40278848446181
-122.08418255847 37.40275168126996
-122.0838050931042 37.40270619817265
-122.0835735204741 37.40268773237806
-122.0833986425977 37.40266891344159
-122.0833606072797 37.40266650715181
-122.0832918450305 37.40267596850115
-122.083249774791 37.40270364398894
-122.0832252089749 37.40273563227291
-122.083224850882 37.40276801526537
-122.0832045510116 37.40290244601223
-122.0831800317332 37.40304192936296
-122.0831446526389 37.40324127764149
-122.0830883485782 37.40349064059343
-122.0830454654937 37.40363093510716
-122.0829508238875 37.40397039787215
-122.0828088312881 37.40447701915829
-122.0826133067656 37.40517971083071
-122.0825668295051 37.40535179585186
-122.0825539430445 37.40541040301449
-122.0825623718175 37.40544731121246
-122.0825795587717 37.40547947816975
-122.0826026419646 37.40550393561057
-122.0826345467711 37.40551765948609
