-122.0829340093856 37.40551848487418
-122.0829435083061 37.40551954541839
-122.0829470641125 37.40552005973712
-122.0829494248099 37.40552055775269
-122.0829518159003 37.40552059052189
-122.0829535950222 37.40552060963507
-122.0829565941755 37.40552065446035
-122.0829601586025 37.4055211723045
-122.0829619558443 37.40552119869544
-122.0829649510121 37.40552124265749
-122.0829673244589 37.40552174580881
-122.0829709209203 37.40552179999027
-122.0829744700812 37.40552278890579
-122.0829768428488 37.40552329236215
-122.0829821863983 37.40552430653673
-122.0829851578909 37.4055248181127
-122.0829875220418 37.40552579571916
-122.0829911049972 37.40552680131599
-122.0829934998406 37.40552731541781
-122.0829964591443 37.405528299777
-122.0829982773562 37.40552881646931
-122.0830006551666 37.40552932215314
-122.083002435991 37.40553029877195
-122.0830060513011 37.40553084339023
-122.0830108174412 37.40553186104962
-122.0830131957765 37.40553236745553
-122.0830155711552 37.40553287229186
-122.0830203387141 37.40553341218689
-122.0830245044405 37.40553394135746
-122.0830274679736 37.40553444926324
-122.0830310240695 37.40553544189679
-122.0830334122742 37.40553547491802
-122.0830381755648 37.40553601266031
-122.0830423436522 37.40553654340668
-122.0830453187727 37.40553705838675
-122.0830488911908 37.40553758204839
-122.0830518532892 37.4055385685888
-122.0830536455349 37.40553859454356
-122.0830602033024 37.40553916104329
-122.0830643673879 37.40553968998781
-122.0830667531554 37.40553972232097
-122.083068529782 37.40554021770735
-122.0830732886014 37.40554075345705
-122.0830768422509 37.40554174429011
-122.0830786191407 37.40554223972502
-122.0830809925822 37.4055427432941
-122.083085143883 37.4055437429552
-122.0830857399686 37.40554375067934
-122.0832580721211 37.40557581058542
-122.0834072637671 37.40560193019526
-122.0835001403908 37.40561830739214
