-122.0835001559921 37.40561878206075
-122.0835055777897 37.40562027663199
-122.0835127793707 37.40562037113813
-122.083518706184 37.40562044757894
-122.0835258353375 37.40561959114467
-122.0835348115021 37.40561875971729
-122.0835456051377 37.40561605513886
-122.0835581888822 37.40561289980706
-122.0835640599833 37.40561060691265
-122.0835795873635 37.40560607088938
-122.0835855954384 37.40560377970965
-122.0835880257085 37.40560333650707
-122.0835904290781 37.40560242001716
-122.083592887474 37.40560244999653
-122.0835953189244 37.40560200657278
-122.083597713739 37.40560156370677
-122.0836001768763 37.40560111966375
-122.083602572315 37.40560115058657
-122.0836043249464 37.40560070078602
-122.0836072747643 37.40560026662046
-122.0836102239829 37.4055998324443
-122.0836126189954 37.40559986337743
-122.0836156133038 37.40559990198854
-122.0836179984073 37.40559993307943
-122.0836203182367 37.40559949186174
-122.0836232813329 37.40559953111464
-122.0836256516928 37.40559956251585
-122.0836285890243 37.4055996022685
-122.0836309443674 37.40559963398534
-122.0836327233493 37.40559965750325
-122.0837484586576 37.40562059413734
