581186.2822746087 4140255.0891397535
581145.0996713139 4140263.7162478175
581091.6111878742 4140275.209051392
580915.7542472366 4140313.0539712654
580906.0669869484 4140315.6158566377
580903.1510221341 4140316.186690582
580901.5932359688 4140315.9242501766
580899.9604793554 4140315.2001670524
580898.4310727008 4140313.6195871974
580897.4066125144 4140312.223582681
580896.244507503 4140309.635698407
580895.6267819393 4140306.9428542596
580891.7598681635 4140289.324875843
580884.2278393545 4140252.801292461
580873.0593624715 4140198.949083019
580863.0417721391 4140155.1442563403
580851.5795400977 4140099.3744180347
580849.449049247 4140088.87695281
580847.9647089016 4140079.776362291
580847.9239427729 4140077.653454943
580848.3057401096 4140076.7460171217
580848.8494249996 4140075.7146417885
580849.7490529267 4140075.078071576
580851.2938375525 4140074.409765323
580853.8076896525 4140073.4620618667
580858.7601443427 4140072.136939382
580875.3881660822 4140068.654258349
580884.8646641589 4140066.530701363
580897.1097791216 4140062.545381838
580907.3906022606 4140058.0844660904
580914.6309860372 4140053.934475612
580917.8316955606 4140051.8272563904
580920.8517778732 4140049.7457428
580923.7583248644 4140047.495061097
580927.9842214307 4140043.31680197
580929.5113517684 4140041.248510879
580931.0784691548 4140039.5392512237
580941.9859904321 4140028.9673567005
580944.3867781237 4140026.6441458054
580946.2014301311 4140024.6644500066
580949.2588314028 4140021.5709759807
580952.4052987718 4140018.4642191185
580960.0805596025 4140009.6657731696
580966.5300687898 4140002.6024294687
580974.0960553933 4139994.9135754816
580979.095565808 4139989.777199904
580984.7294053641 4139984.012904564
580995.2486543248 4139973.304465891
580998.701315755 4139969.9309185916
581023.400177227 4139953.763435034
581035.3825924986 4139949.836227328
581054.94994387 4139945.942699839
581088.4075036303 4139941.2210530257
581108.9233531738 4139939.37149106
581124.4216731265 4139937.4340342707
581127.7906851262 4139937.199785184
581133.8664699759 4139938.308619117
581137.5601650841 4139941.41525481
581139.6999321223 4139944.985314573
581139.696705167 4139948.578339861
581141.348427349 4139963.5101655894
581143.3681419415 4139979.006181158
581146.2844555557 4140001.1532303602
581150.9988094142 4140028.867142849
581154.6429280592 4140044.4689581827
581162.6531443156 4140082.2119561504
581174.6737695617 4140138.5410547093
581191.2204706141 4140216.6692155534
581195.1482122124 4140235.8011357025
581196.2254718737 4140242.3143797508
581195.4396559566 4140246.401889359
581193.8838201975 4140249.9558437997
581191.8144629321 4140252.6493930523
581188.9759390847 4140254.1445171717
